middlePath 8.8 27.8972 0.696846 1.03 0.0920769 2 1 0.325 35 1388 3.47 0.157 -2.83 1261.16 1666.15 1 188 4 510.462 2.09308 2 0.26;
goneGone 14.1 31.7756 0.625 3.76 0.511539 4 1 0.311615 107.758 681.641 2.73431 0.377153 -1.82 1675.39 1705.3 1 246.154 4 2387.38 3.9 1 0;
goGoGo 16.1 21.3153 0.645 3.76 0.511539 4 1 0.311615 107.758 681.641 2.73431 0.384845 -1.62 1675.39 1652.22 1 246.154 3 2387.38 3.69538 1 1;
longerBoats 19.2 20.0077 0.661538 0.88 0.638462 3 0 0.311615 78.9886 860.102 3.83277 0.284845 -3.1 1952.31 1746.15 1 203.077 5 661.393 1.7477 2 1;
moBlues 15.3 37.6595 0.547692 1.42 0.638462 4 1 0.311615 107.758 681.641 2.73431 0.392538 -2.32 1924.62 1802.31 1 246.154 4 2174.46 2.39231 1 0.4;
sortOfShorterShips 9 20.0077 0.806 0.88 0.638462 3 0 0.311615 78.9886 860.102 3.83277 0.323307 -3.1 1952.31 1746.15 1 203.077 4 1486.47 2.99385 1 0;
airGone 19 50.5387 0.57 1.66 -0.0173076 5 1 0.555308 57.6152 706.923 4.82231 0.429231 -3.671 1863.84 2293.08 2 0 5 1892.93 3.71846 1 0;
aliveThru 19 59.6914 0.631538 2.56 -0.0426923 5 1 0.747231 272.077 706.923 4.82231 0.483077 -6.671 2168.46 1903.85 2 0 5 2293.54 3.80615 1 0;
tastyRok 19 50.5387 0.57 1.35 -0.0173076 5 1 0.555308 57.6152 706.923 4.82231 0.429077 -2.571 1863.84 2293.08 2 0 5 1892.93 3.71846 1 0;
anotherCountry 17.2 57.0764 0.65 1.72 -0.0342308 5 1 0.555308 112.538 751.538 4.82231 0.483077 -7.971 1476.15 1660.85 1 92.3077 5 2105.85 3.16307 1 0;
aliveOne 19 59.6914 0.595 2.56 -0.0426923 5 1 0.747231 272.077 706.923 4.82231 0.483077 -7.971 2168.46 1903.85 2 0 5 2293.54 3.80615 1 0;
smoothie 9.6 19.5108 0.353846 1.26 0.0159998 3 0 0.501001 76.7692 808.231 2.03938 0.315384 -2.19 1198.45 1650.94 1 147.692 6 1129.84 0.707685 1 0;
smithyRave 16.6 40.7322 0.485 0.88 0.143462 4 0 0.555308 57.6152 706.923 4.09 0.321539 -3.271 1974.61 1861.54 2 116.923 4 1839.7 3.49231 1 1;
rollingStoner 19 68.8483 0.642308 1.99 -0.0426923 5 1 0.555308 253.769 706.923 4.27308 0.483077 -7.971 2030 2580.78 2 0 5 2105.85 3.80615 1 0;
quietOneNextDoor 25 5.7817 0.75 0.9 0.456 5 1 0.654539 79.3846 930.923 2.68015 0.607692 -2.29 1835.38 2938.64 1 92.3077 5 1645.08 1.26538 1 0;
psychoBlues 19 71.9583 0.67 2.77 -0.0342308 5 1 0.325 125.615 751.539 2.9 0.606154 -7.971 1143.84 2388.47 2 0 5 2387.38 3.25077 1 1;
backBurnerLo 17.4 12.1625 0.778846 3.76 0.866924 3 1 0.311615 107.758 681.641 2.73431 0.384845 -2.82 2672.31 1289.91 1 196.923 3 2360.76 3.67385 1 1.54;
workerFuzz 19 79.9583 0.47 2.56 -0.0426923 5 1 0.325 55 930 2.9 0.483077 -4.371 2168.46 1403.85 2 86.1539 6 2105.85 3.80615 1 0;
rockCandidate 19 65.5754 0.5 0.73 0.025 5 0 0.325 55 930 2.9 0.790769 -5.171 2223.85 1777.69 2 0 2 1486.47 3.42615 1 0;
aliveToo 19 59.6914 0.57 3.04 -0.0426923 5 1 0.632077 243.308 706.923 6.92769 0.483077 -7.671 2168.46 1665.39 2 0 5 2293.54 3.80615 1 1;
funkCandidate 9.8 36.1558 0.469 1.33 0.524231 4 0 0.325 55 930 2.9 0.521538 -3.271 2168.46 2165.39 2 209.231 1 1805.54 3.42615 1 1;
funkUhuh 9.8 23.7342 0.515384 1.33 0.524231 4 0 0.325 55 930 2.9 0.521538 -3.271 2168.46 2165.39 2 209.231 1 1805.54 3.42615 1 1;
somethingInside 9.8 23.7342 0.515384 1.24 0.549616 4 0 0.325 55 930 2.9 0.604 -3.271 2168.46 2048 2 209.231 1 1805.54 3.42615 1 1;
robinEtte 19 51.999 0.57 1.03 -0.0342308 5 1 0.325 55 930 2.9 0.606154 -6.771 1143.84 2188.47 2 153 3 2105.85 3.66 1 1;
hedgerow 12.66 26.1 0.52 0.898 0.592 2 1 0.12 24 1054.1 3.098 0.409 -3.34 1754 1808.38 1 148 3 352.769 0.660769 2 1;
smokeRings 12 25.8916 0.806 0.88 0.587693 3 1 3.93913 60.8661 938.179 3.83277 0.415615 -3.9 1813.85 1746.15 1 153.846 4 980.778 0.807696 2 1;
PageMaker 10.7 44.1972 0.475385 1.66 0.232308 4 1 0.311615 42.3732 681.641 2.73431 0.354076 -3.32 1924.62 1815.38 1 55.3846 3 1899.39 3.52308 1 1.15;
